meta_colors <- list(
  "Cell_Line" = c(
    "OA1" = "#1B9E77",
    "OA2" = "#D95F02",
    "OA3" = "#7570B3",
    "RA1" = "#E7298A",
    "RA2" = "#66A61E",
    "RA3" = "#E6AB02",
    "RA4" = "#A6761D"
  ),
  "Stimulation" = c(
    "None"                = "white",
    "TNF (1)"             = "#A6CEE3",
    "TNF (1) + IL17 (1)"  = "#FB9A99",
    "TNF (1) + IL17 (10)" = "#E31A1C"
  ),
  "Time" = c(
    "0"  = "white",
    "2"  = "#A6CEE3",
    "4"  = "#1F78B4",
    "6"  = "#B2DF8A",
    "8"  = "#33A02C",
    "10" = "#FB9A99",
    "12" = "#E31A1C",
    "18" = "#FDBF6F",
    "24" = "#FF7F00"
  ),
  "TimeFactor" = c(
    "0"  = "white",
    "2"  = "#A6CEE3",
    "4"  = "#1F78B4",
    "6"  = "#B2DF8A",
    "8"  = "#33A02C",
    "10" = "#FB9A99",
    "12" = "#E31A1C",
    "18" = "#FDBF6F",
    "24" = "#FF7F00"
  ),
  "Disease" = c(
    "RA" = "#FF7F00",
    "OA" = "#6A3D9A"
  ),
  "sirna" = c(
    Ctrl  = 'grey80',
    CUX1  = '#E41A1C',
    STAT3 = '#377EB8',
    STAT4 = '#984EA3',
    ELF3  = '#FF7F00',
    LIFR  = '#FFFF33'
  )
)