>GATTGATC	1-GATTGATC	7.009953	-17.297916	0	T:11.0(44.00%),B:2162.9(5.50%),P:1e-7	Tpos:243.1,Tstd:72.2,Bpos:173.0,Bstd:120.9,StrandBias:0.6,Multiplicity:1.00
0.001	0.181	0.817	0.001
0.997	0.001	0.001	0.001
0.001	0.001	0.001	0.997
0.001	0.058	0.001	0.940
0.210	0.191	0.444	0.155
0.997	0.001	0.001	0.001
0.001	0.001	0.185	0.813
0.001	0.997	0.001	0.001
>GAATTTCC	2-GAATTTCC	7.554573	-16.157572	0	T:10.0(40.00%),B:1858.1(4.72%),P:1e-7	Tpos:209.1,Tstd:110.0,Bpos:176.4,Bstd:119.0,StrandBias:0.5,Multiplicity:1.20
0.001	0.001	0.997	0.001
0.997	0.001	0.001	0.001
0.997	0.001	0.001	0.001
0.326	0.001	0.001	0.672
0.091	0.070	0.071	0.768
0.001	0.001	0.001	0.997
0.001	0.997	0.001	0.001
0.001	0.997	0.001	0.001
>GGGGGTTT	3-GGGGGTTT	6.617985	-15.094125	0	T:17.0(68.00%),B:7882.1(20.04%),P:1e-6	Tpos:194.6,Tstd:71.4,Bpos:167.8,Bstd:117.0,StrandBias:-1.2,Multiplicity:1.24
0.054	0.062	0.848	0.036
0.001	0.067	0.931	0.001
0.051	0.001	0.890	0.058
0.051	0.001	0.947	0.001
0.052	0.037	0.796	0.115
0.001	0.038	0.053	0.908
0.001	0.001	0.031	0.967
0.087	0.052	0.095	0.766
>AGCGCGGT	4-AGCGCGGT	10.913837	-14.538543	0	T:5.0(20.00%),B:246.0(0.63%),P:1e-6	Tpos:186.4,Tstd:113.9,Bpos:203.8,Bstd:93.4,StrandBias:0.6,Multiplicity:1.00
0.997	0.001	0.001	0.001
0.001	0.001	0.997	0.001
0.001	0.997	0.001	0.001
0.001	0.001	0.997	0.001
0.142	0.856	0.001	0.001
0.001	0.001	0.997	0.001
0.001	0.001	0.997	0.001
0.001	0.001	0.001	0.997
>TGGCCCGG	5-TGGCCCGG	8.236954	-14.010571	0	T:7.0(28.00%),B:858.9(2.18%),P:1e-6	Tpos:221.4,Tstd:99.8,Bpos:191.3,Bstd:99.5,StrandBias:1.3,Multiplicity:1.00
0.100	0.100	0.100	0.700
0.100	0.100	0.700	0.100
0.100	0.100	0.700	0.100
0.100	0.700	0.100	0.100
0.100	0.700	0.100	0.100
0.100	0.700	0.100	0.100
0.100	0.100	0.700	0.100
0.100	0.100	0.700	0.100
